X_goal : 0.00001
Y_goal : 0.00001
K_linear : 0.75
K_angular : 5